1
408271
209871
206232
402091
326615
45748
274298
800799
82229
804762
900224
988294
534173
139835
736905
517504
425591
17863
733062
59677
604360
927543
174022
939781
987070
29066
293760
252235
907255
506085
956788
219658
863076
890309
167041
957750
780976
671494
739754
817105
374397
669834
598299
18163
562413
716728
993783
215128
956913
1
280865
713045
942885
942292
830464
577858
252662
279358
2646
157280
908837
473800
747232
966757
894007
512490
414198
429931
881620
323968
863538
503208
41035
739866
300354
875892
201691
548757
224453
588819
463774
611094
248321
172460
183647
574927
680317
695352
418448
969602
175372
653493
370080
673472
154675
60215
736750
749745
248476
1
578611
159269
104959
902702
202269
261211
645395
390655
821219
328456
371517
441020
427289
490486
799354
86915
245208
261985
63715
868725
765295
64017
131495
265048
212871
385256
13059
633558
294523
810484
396368
637669
427321
164405
836251
668099
665590
360985
402040
822942
386093
829761
729179
43939
58309
247984
491728
411114
493203
1
853609
291286
594243
829884
695565
284067
253982
330743
246338
843281
724473
787845
288363
237883
871432
495620
101802
131305
255986
554065
66262
779992
769817
597336
573899
143720
741134
929236
602126
281048
429657
707039
484620
931504
126345
806839
22177
681746
832687
112238
191199
601910
770765
425008
72482
789336
485721
120150
165037
1
289358
810692
39640
893512
358919
396680
601421
918582
973436
96916
200236
702770
536772
766911
142699
402414
701809
416981
782272
294555
555461
29238
466098
880698
662728
383377
881765
760845
655854
427706
220767
559905
704103
426556
323231
876661
779901
894990
378830
485510
514899
662109
205888
852515
750157
517692
753769
443706
89098
1
518200
17324
758649
364470
864410
276801
553793
207181
650883
667088
3756
722577
507445
289765
603109
12110
549206
547955
799451
465271
75272
932376
6218
934896
372705
443730
639137
870798
400627
740432
494818
905499
947885
940311
643639
847997
108103
179230
113661
14263
280076
19670
337806
178327
218436
202705
255811
758629
950684
1
701573
150821
175747
709509
929744
606260
174627
123811
405287
435286
221466
902010
286784
518381
856741
768697
435612
77158
641682
676535
530356
277512
781822
322041
838213
430801
358922
726904
536324
131954
10508
473421
981433
441018
88182
545899
843323
771999
715904
196984
937450
71872
975700
932023
601230
418392
540571
76493
292271
1
688033
102943
962781
937209
101154
218141
671187
110635
941212
372166
553982
95585
955496
913317
901258
576499
977957
777758
573392
129258
776316
943071
67568
387222
996581
346673
198776
74095
901224
54075
468492
465603
350030
896945
450880
889025
943662
726181
402917
186131
641269
745526
183529
134591
304437
467230
165403
529846
989592
1
509213
230468
143044
125730
453089
8729
965368
35792
860391
639187
165573
480797
120160
612096
62328
425931
874581
910313
174029
213032
18749
253079
572424
937982
252256
666436
277682
346680
223198
443305
949692
871180
136117
929456
872292
649001
496837
493276
239229
670195
647429
235917
340079
938165
272910
566315
355807
464436
478909
1
951477
946057
197306
608108
176363
550607
443225
369336
26866
648445
1626
382785
238944
287063
323468
598747
673256
244307
599264
749285
764890
802850
850768
937659
889484
546004
907939
728599
445511
932898
320410
614910
492387
904050
117804
878606
235754
519983
160439
343465
195963
335178
849771
144111
332212
763014
443323
249175
394846
1
85128
597844
818135
761888
189027
306258
642318
306545
153418
150923
61159
588672
908890
391072
273054
609820
484054
255090
439646
386713
177457
778901
33204
111957
434191
289808
277204
144524
948544
312301
325145
488511
83907
637831
867215
642766
653021
154521
558320
574491
309752
270980
979959
724117
627165
650330
508546
678794
631385
1
974725
370154
846772
197515
349839
269377
234887
621499
720499
99537
959417
274094
594156
319155
249885
558994
112570
473043
885051
316490
324401
462153
791100
987235
877887
967173
358641
118265
75811
489528
927165
891269
334960
795510
840628
27812
175701
965316
301159
178676
184150
973777
806438
271193
622693
864338
661501
781071
656196
1
792579
401634
830959
794845
222362
901081
998264
660109
767328
363141
556943
214830
764458
18273
954475
537425
425878
147680
375564
768738
43852
394452
61662
171248
444114
221497
703230
569319
414709
680245
255021
578551
324506
289714
927149
54019
192886
334091
507837
374340
881785
675017
386067
919783
843033
860341
84246
94607
608025
1
633569
633743
106877
141312
307985
394470
878080
375701
314339
732695
959034
619008
490639
738250
14181
814630
98726
143866
552059
597665
323177
220883
448832
353575
16142
121004
316718
449613
948206
586826
650505
542131
855756
461524
348671
589863
362788
52395
258956
419484
736455
487219
611104
819265
482817
878300
654218
577051
343772
1
95429
818887
714948
385767
666609
206457
393040
871803
975177
748549
844677
449958
691982
824199
915884
233004
382292
543765
851223
386501
982316
262192
862327
920121
194799
498160
186805
302335
918424
890496
161838
262441
837028
765618
913398
60950
879969
550176
593406
209220
547901
625680
717680
973042
877157
266453
516280
48792
762088
1
621637
199012
748728
579282
513167
313632
79070
265553
292098
304442
42386
362100
77024
656950
665799
241744
202152
106095
859781
580716
947390
703282
402070
338022
820297
568812
935767
546752
943161
829643
945385
441446
370185
2824
93224
217951
506075
302702
301833
202506
399057
577067
501413
409368
174306
177522
572034
261497
597965
1
505221
786901
192524
496008
249033
589876
903835
671090
983272
128584
454088
951901
613658
943293
150523
871956
181503
686628
456693
634675
30447
887747
957991
897130
909810
153929
194294
887557
922242
699411
649258
905655
150379
190198
515584
699519
118107
727033
194565
745299
696124
790646
519065
611543
869876
790347
981655
897627
810551
1
540395
904511
676345
140515
458936
717095
783142
199945
539910
19429
390179
709015
336796
29092
661113
90645
412341
853621
85821
643530
94723
986262
144058
847411
365966
734999
648224
185965
259344
769739
180617
981352
40075
992876
341772
243280
84137
930678
683140
556473
997790
4006
616350
942612
130788
895362
676365
859156
216422
1
499388
291868
489244
330793
899022
4081
798569
460674
142065
978492
541877
109365
573152
137426
604325
40868
905292
734770
846588
426328
825851
779294
884479
538363
287861
544467
77773
69025
483932
194859
546063
238327
174812
587252
289614
669928
480763
983230
99217
704754
671101
744350
393974
272643
680644
876078
591674
237606
419855
1
94930
585188
249302
690400
43645
365711
436849
141151
751509
20150
877917
965971
9065
935482
61200
399314
967588
916842
149037
161319
739893
271129
129763
889353
544755
152267
445065
855020
838189
6366
124277
736959
177131
754673
867853
888016
554479
894172
480742
61769
647389
125937
861780
422935
978327
128000
176263
919085
763839
